In format of value, steps, maximum value reached
1,0,1
2,1,2
3,7,16
4,2,4
5,5,16
6,8,16
7,16,52
8,3,8
9,19,52
10,6,16
11,14,52
12,9,16
13,9,40
14,17,52
15,17,160
16,4,16
17,12,52
18,20,52
19,20,88
20,7,20
21,7,64
22,15,52
23,15,160
24,10,24
25,23,88
26,10,40
27,111,9232
28,18,52
29,18,88
30,18,160
31,106,9232
32,5,32
33,26,100
34,13,52
35,13,160
36,21,52
37,21,112
38,21,88
39,34,304
40,8,40
41,109,9232
42,8,64
43,29,196
44,16,52
45,16,136
46,16,160
47,104,9232
48,11,48
49,24,148
50,24,88
51,24,232
52,11,52
53,11,160
54,112,9232
55,112,9232
56,19,56
57,32,196
58,19,88
59,32,304
60,19,160
61,19,184
62,107,9232
63,107,9232
64,6,64
65,27,196
66,27,100
67,27,304
68,14,68
69,14,208
70,14,160
71,102,9232
72,22,72
73,115,9232
74,22,112
75,14,340
76,22,88
77,22,232
78,35,304
79,35,808
80,9,80
81,22,244
82,110,9232
83,110,9232
84,9,84
85,9,256
86,30,196
87,30,592
88,17,88
89,30,304
90,17,136
91,92,9232
92,17,160
93,17,280
94,105,9232
95,105,9232
96,12,96
97,118,9232
98,25,148
99,25,448
100,25,100
101,25,304
102,25,232
103,87,9232
104,12,104
105,38,808
106,12,160
107,100,9232
108,113,9232
109,113,9232
110,113,9232
111,69,9232
112,20,112
113,12,340
114,33,196
115,33,520
116,20,116
117,20,352
118,33,304
119,33,808
120,20,160
121,95,9232
122,20,184
123,46,628
124,108,9232
125,108,9232
126,108,9232
127,46,4372
128,7,128
129,121,9232
130,28,196
131,28,592
132,28,132
133,28,400
134,28,304
135,41,916
136,15,136
137,90,9232
138,15,208
139,41,628
140,15,160
141,15,424
142,103,9232
143,103,9232
144,23,144
145,116,9232
146,116,9232
147,116,9232
148,23,148
149,23,448
150,15,340
151,15,1024
152,23,152
153,36,520
154,23,232
155,85,9232
156,36,304
157,36,472
158,36,808
159,54,9232
160,10,160
161,98,9232
162,23,244
163,23,736
164,111,9232
165,111,9232
166,111,9232
167,67,9232
168,10,168
169,49,4372
170,10,256
171,124,9232
172,31,196
173,31,520
174,31,592
175,80,9232
176,18,176
177,31,532
178,31,304
179,31,808
180,18,180
181,18,544
182,93,9232
183,93,9232
184,18,184
185,44,628
186,18,280
187,44,952
188,106,9232
189,106,9232
190,106,9232
191,44,4372
192,13,192
193,119,9232
194,119,9232
195,119,9232
196,26,196
197,26,592
198,26,448
199,119,9232
200,26,200
201,18,1024
202,26,304
203,39,916
204,26,232
205,26,616
206,88,9232
207,88,9232
208,13,208
209,39,628
210,39,808
211,39,952
212,13,212
213,13,640
214,101,9232
215,101,9232
216,114,9232
217,26,736
218,114,9232
219,52,1672
220,114,9232
221,114,9232
222,70,9232
223,70,9232
224,21,224
225,52,4372
226,13,340
227,13,1024
228,34,228
229,34,688
230,34,520
231,127,9232
232,21,232
233,83,9232
234,21,352
235,127,9232
236,34,304
237,34,712
238,34,808
239,52,9232
240,21,240
241,21,724
242,96,9232
243,96,9232
244,21,244
245,21,736
246,47,628
247,47,1672
248,109,9232
249,47,952
250,109,9232
251,65,9232
252,109,9232
253,109,9232
254,47,4372
255,47,13120
256,8,256
257,122,9232
258,122,9232
259,122,9232
260,29,260
261,29,784
262,29,592
263,78,9232
264,29,264
265,122,9232
266,29,400
267,21,1204
268,29,304
269,29,808
270,42,916
271,42,2752
272,16,272
273,29,820
274,91,9232
275,91,9232
276,16,276
277,16,832
278,42,628
279,42,1888
280,16,280
281,42,952
282,16,424
283,60,9232
284,104,9232
285,104,9232
286,104,9232
287,42,4372
288,24,288
289,29,868
290,117,9232
291,117,9232
292,117,9232
293,117,9232
294,117,9232
295,55,2248
296,24,296
297,73,9232
298,24,448
299,117,9232
300,16,340
301,16,904
302,16,1024
303,42,3076
304,24,304
305,37,916
306,37,520
307,37,1384
308,24,308
309,24,928
310,86,9232
311,86,9232
312,37,312
313,130,9232
314,37,472
315,37,1600
316,37,808
317,37,952
318,55,9232
319,55,9232
320,11,320
321,24,964
322,99,9232
323,99,9232
324,24,324
325,24,976
326,24,736
327,143,9232
328,112,9232
329,50,1672
330,112,9232
331,24,1492
332,112,9232
333,112,9232
334,68,9232
335,68,9232
336,11,336
337,112,9232
338,50,4372
339,50,4372
340,11,340
341,11,1024
342,125,9232
343,125,9232
344,32,344
345,125,9232
346,32,520
347,125,9232
348,32,592
349,32,1048
350,81,9232
351,81,9232
352,19,352
353,125,9232
354,32,532
355,32,1600
356,32,356
357,32,1072
358,32,808
359,50,9232
360,19,360
361,45,2752
362,19,544
363,45,1636
364,94,9232
365,94,9232
366,94,9232
367,45,4192
368,19,368
369,19,1108
370,45,628
371,45,1672
372,19,372
373,19,1120
374,45,952
375,45,2536
376,107,9232
377,63,9232
378,107,9232
379,58,2752
380,107,9232
381,107,9232
382,45,4372
383,45,13120
384,14,384
385,32,1156
386,120,9232
387,120,9232
388,120,9232
389,120,9232
390,120,9232
391,120,9232
392,27,392
393,58,2248
394,27,592
395,76,9232
396,27,448
397,27,1192
398,120,9232
399,120,9232
400,27,400
401,19,1204
402,19,1024
403,19,1816
404,27,404
405,27,1216
406,40,916
407,40,2752
408,27,408
409,40,1384
410,27,616
411,133,9232
412,89,9232
413,89,9232
414,89,9232
415,133,9232
416,14,416
417,133,9232
418,40,628
419,40,1888
420,40,808
421,40,1264
422,40,952
423,32,3220
424,14,424
425,58,9232
426,14,640
427,53,2752
428,102,9232
429,102,9232
430,102,9232
431,40,4372
432,115,9232
433,27,1300
434,27,736
435,27,1960
436,115,9232
437,115,9232
438,53,1672
439,53,2968
440,115,9232
441,27,1492
442,115,9232
443,53,2248
444,71,9232
445,71,9232
446,71,9232
447,97,39364
448,22,448
449,115,9232
450,53,4372
451,53,4372
452,14,452
453,14,1360
454,14,1024
455,40,3076
456,35,456
457,128,9232
458,35,688
459,128,9232
460,35,520
461,35,1384
462,128,9232
463,128,9232
464,22,464
465,35,1396
466,84,9232
467,84,9232
468,22,468
469,22,1408
470,128,9232
471,128,9232
472,35,472
473,35,1600
474,35,712
475,27,3616
476,35,808
477,35,1432
478,53,9232
479,53,9232
480,22,480
481,48,2752
482,22,724
483,22,2176
484,97,9232
485,97,9232
486,97,9232
487,141,9232
488,22,488
489,48,4192
490,22,736
491,141,9232
492,48,628
493,48,1480
494,48,1672
495,97,14308
496,110,9232
497,22,1492
498,48,952
499,48,2248
500,110,9232
501,110,9232
502,66,9232
503,66,9232
504,110,9232
505,61,2752
506,110,9232
507,35,2896
508,48,4372
509,48,4372
510,48,13120
511,61,39364
512,9,512
513,35,1540
514,123,9232
515,123,9232
516,123,9232
517,123,9232
518,123,9232
519,61,3508
520,30,520
521,123,9232
522,30,784
523,123,9232
524,30,592
525,30,1576
526,79,9232
527,79,9232
528,30,528
529,30,1588
530,123,9232
531,123,9232
532,30,532
533,30,1600
534,22,1204
535,22,3616
536,30,536
537,22,1816
538,30,808
539,48,9232
540,43,916
541,43,1624
542,43,2752
543,136,9232
544,17,544
545,43,1636
546,30,820
547,30,2464
548,92,9232
549,92,9232
550,92,9232
551,43,4192
552,17,552
553,136,9232
554,17,832
555,30,2500
556,43,628
557,43,1672
558,43,1888
559,87,8080
560,17,560
561,43,1684
562,43,952
563,43,2536
564,17,564
565,17,1696
566,61,9232
567,61,9232
568,105,9232
569,56,2752
570,105,9232
571,30,2896
572,105,9232
573,105,9232
574,43,4372
575,43,13120
576,25,576
577,30,1732
578,30,868
579,30,2608
580,118,9232
581,118,9232
582,118,9232
583,30,3940
584,118,9232
585,56,2968
586,118,9232
587,118,9232
588,118,9232
589,118,9232
590,56,2248
591,56,5992
592,25,592
593,74,9232
594,74,9232
595,74,9232
596,25,596
597,25,1792
598,118,9232
599,118,9232
600,17,600
601,56,4372
602,17,904
603,69,5812
604,17,1024
605,17,1816
606,43,3076
607,43,9232
608,25,608
609,131,9232
610,38,916
611,38,2752
612,38,612
613,38,1840
614,38,1384
615,69,10528
616,25,616
617,131,9232
618,25,928
619,131,9232
620,87,9232
621,87,9232
622,87,9232
623,131,9232
624,38,624
625,25,1876
626,131,9232
627,131,9232
628,38,628
629,38,1888
630,38,1600
631,38,4264
632,38,808
633,30,3616
634,38,952
635,30,3220
636,56,9232
637,56,9232
638,56,9232
639,131,41524
640,12,640
641,51,2752
642,25,964
643,25,2896
644,100,9232
645,100,9232
646,100,9232
647,38,4372
648,25,648
649,144,9232
650,25,976
651,100,9232
652,25,736
653,25,1960
654,144,9232
655,144,9232
656,113,9232
657,51,1972
658,51,1672
659,51,2968
660,113,9232
661,113,9232
662,25,1492
663,25,4480
664,113,9232
665,51,2248
666,113,9232
667,144,21688
668,69,9232
669,69,9232
670,69,9232
671,95,39364
672,12,672
673,64,2752
674,113,9232
675,113,9232
676,51,4372
677,51,4372
678,51,4372
679,64,5812
680,12,680
681,64,39364
682,12,1024
683,38,3076
684,126,9232
685,126,9232
686,126,9232
687,38,6964
688,33,688
689,126,9232
690,126,9232
691,126,9232
692,33,692
693,33,2080
694,126,9232
695,126,9232
696,33,696
697,126,9232
698,33,1048
699,64,3544
700,82,9232
701,82,9232
702,82,9232
703,170,250504
704,20,704
705,33,2116
706,126,9232
707,126,9232
708,33,708
709,33,2128
710,33,1600
711,64,4804
712,33,712
713,25,3616
714,33,1072
715,25,3220
716,33,808
717,33,2152
718,51,9232
719,51,9232
720,20,720
721,46,2164
722,46,2752
723,46,3256
724,20,724
725,20,2176
726,46,1636
727,46,4912
728,95,9232
729,33,2464
730,95,9232
731,139,9232
732,95,9232
733,95,9232
734,46,4192
735,46,11176
736,20,736
737,139,9232
738,20,1108
739,20,3328
740,46,740
741,46,2224
742,46,1672
743,95,14308
744,20,744
745,90,8080
746,20,1120
747,46,4264
748,46,952
749,46,2248
750,46,2536
751,139,21688
752,108,9232
753,20,2260
754,64,9232
755,64,9232
756,108,9232
757,108,9232
758,59,2752
759,59,5128
760,108,9232
761,33,2896
762,108,9232
763,152,9232
764,46,4372
765,46,4372
766,46,13120
767,59,39364
768,15,768
769,33,2308
770,33,1156
771,33,3472
772,121,9232
773,121,9232
774,121,9232
775,152,9232
776,121,9232
777,33,3940
778,121,9232
779,59,3508
780,121,9232
781,121,9232
782,121,9232
783,121,9232
784,28,784
785,121,9232
786,59,2248
787,59,3544
788,28,788
789,28,2368
790,77,9232
791,77,9232
792,28,792
793,77,9232
794,28,1192
795,103,39364
796,121,9232
797,121,9232
798,121,9232
799,72,12148
800,28,800
801,59,4372
802,20,1204
803,20,3616
804,20,1024
805,20,2416
806,20,1816
807,72,39364
808,28,808
809,46,9232
810,28,1216
811,134,9232
812,41,916
813,41,2440
814,41,2752
815,134,9232
816,28,816
817,41,2452
818,41,1384
819,41,3688
820,28,820
821,28,2464
822,134,9232
823,134,9232
824,90,9232
825,134,9232
826,90,9232
827,41,4192
828,90,9232
829,90,9232
830,134,9232
831,134,18952
832,15,832
833,28,2500
834,134,9232
835,134,9232
836,41,836
837,41,2512
838,41,1888
839,85,8080
840,41,840
841,41,4264
842,41,1264
843,41,3796
844,41,952
845,41,2536
846,33,3220
847,33,8584
848,15,848
849,59,9232
850,59,9232
851,59,9232
852,15,852
853,15,2560
854,54,2752
855,54,5776
856,103,9232
857,28,2896
858,103,9232
859,147,9232
860,103,9232
861,103,9232
862,41,4372
863,41,13120
864,116,9232
865,147,9232
866,28,1300
867,28,3904
868,28,868
869,28,2608
870,28,1960
871,178,190996
872,116,9232
873,147,9232
874,116,9232
875,28,3940
876,54,1672
877,54,2632
878,54,2968
879,147,10024
880,116,9232
881,116,9232
882,28,1492
883,28,3976
884,116,9232
885,116,9232
886,54,2248
887,54,5992
888,72,9232
889,147,21688
890,72,9232
891,46,8584
892,72,9232
893,72,9232
894,98,39364
895,98,39364
896,23,896
897,67,2752
898,116,9232
899,116,9232
900,54,4372
901,54,4372
902,54,4372
903,116,9232
904,15,904
905,67,5812
906,15,1360
907,54,13120
908,15,1024
909,15,2728
910,41,3076
911,41,9232
912,36,912
913,129,9232
914,129,9232
915,129,9232
916,36,916
917,36,2752
918,129,9232
919,129,9232
920,36,920
921,129,9232
922,36,1384
923,67,10528
924,129,9232
925,129,9232
926,129,9232
927,116,15856
928,23,928
929,129,9232
930,36,1396
931,36,4192
932,85,9232
933,85,9232
934,85,9232
935,129,9232
936,23,936
937,173,250504
938,23,1408
939,85,9232
940,129,9232
941,129,9232
942,129,9232
943,36,9556
944,36,944
945,36,2836
946,36,1600
947,36,4264
948,36,948
949,36,2848
950,28,3616
951,28,6424
952,36,952
953,28,3220
954,36,1432
955,28,4840
956,54,9232
957,54,9232
958,54,9232
959,129,41524
960,23,960
961,49,2884
962,49,2752
963,49,4336
964,23,964
965,23,2896
966,23,2176
967,142,9232
968,98,9232
969,49,4912
970,98,9232
971,36,4372
972,98,9232
973,98,9232
974,142,9232
975,142,9880
976,23,976
977,98,9232
978,49,4192
979,49,4408
980,23,980
981,23,2944
982,142,9232
983,142,9232
984,49,984
985,23,3328
986,49,1480
987,36,7504
988,49,1672
989,49,2968
990,98,14308
991,98,15064
992,111,9232
993,93,8080
994,23,1492
995,23,4480
996,49,996
997,49,2992
998,49,2248
999,49,11392
1000,111,9232
1001,142,21688
1002,111,9232
1003,41,8584
1004,67,9232
1005,67,9232
1006,67,9232
1007,93,39364
1008,111,9232
1009,111,9232
1010,62,2752
1011,62,4552
1012,111,9232
1013,111,9232
1014,36,2896
1015,36,6856
1016,49,4372
1017,155,9232
1018,49,4372
1019,62,5812
1020,49,13120
1021,49,13120
1022,62,39364
1023,62,118096
1024,10,1024
1025,36,3076
1026,36,1540
1027,36,4624
1028,124,9232
1029,124,9232
1030,124,9232
1031,36,6964
1032,124,9232
1033,155,9232
1034,124,9232
1035,124,9232
1036,124,9232
1037,124,9232
1038,62,3508
1039,62,10528
1040,31,1040
1041,124,9232
1042,124,9232
1043,124,9232
1044,31,1044
1045,31,3136
1046,124,9232
1047,124,9232
1048,31,1048
1049,62,3544
1050,31,1576
1051,93,45520
1052,80,9232
1053,80,9232
1054,80,9232
1055,168,250504
1056,31,1056
1057,80,9232
1058,31,1588
1059,31,4768
1060,124,9232
1061,124,9232
1062,124,9232
1063,75,8080
1064,31,1064
1065,75,12148
1066,31,1600
1067,62,4804
1068,23,1204
1069,23,3208
1070,23,3616
1071,168,10852
1072,31,1072
1073,23,3220
1074,23,1816
1075,23,4840
1076,31,1076
1077,31,3232
1078,49,9232
1079,49,9232
1080,44,1080
1081,137,9232
1082,44,1624
1083,137,9232
1084,44,2752
1085,44,3256
1086,137,9232
1087,137,24784
1088,18,1088
1089,44,3268
1090,44,1636
1091,44,4912
1092,31,1092
1093,31,3280
1094,31,2464
1095,75,7396
1096,93,9232
1097,137,9232
1098,93,9232
1099,31,4948
1100,93,9232
1101,93,9232
1102,44,4192
1103,44,11176
1104,18,1104
1105,93,9232
1106,137,9232
1107,137,9232
1108,18,1108
1109,18,3328
1110,31,2500
1111,31,7504
1112,44,1112
1113,137,9232
1114,44,1672
1115,93,14308
1116,44,1888
1117,44,3352
1118,88,8080
1119,88,17008
1120,18,1120
1121,44,4264
1122,44,1684
1123,44,5056
1124,44,1124
1125,44,3376
1126,44,2536
1127,137,21688
1128,18,1128
1129,36,8584
1130,18,1696
1131,36,5092
1132,62,9232
1133,62,9232
1134,62,9232
1135,62,14560
1136,106,9232
1137,18,3412
1138,57,2752
1139,57,5128
1140,106,9232
1141,106,9232
1142,31,2896
1143,31,7720
1144,106,9232
1145,150,9232
1146,106,9232
1147,57,5812
1148,44,4372
1149,44,4372
1150,44,13120
1151,57,39364
1152,26,1152
1153,150,9232
1154,31,1732
1155,31,5200
1156,31,1156
1157,31,3472
1158,31,2608
1159,57,7828
1160,119,9232
1161,181,190996
1162,119,9232
1163,150,9232
1164,119,9232
1165,119,9232
1166,31,3940
1167,31,11824
1168,119,9232
1169,57,3508
1170,57,2968
1171,57,5272
1172,119,9232
1173,119,9232
1174,119,9232
1175,119,9232
1176,119,9232
1177,31,3976
1178,119,9232
1179,57,13444
1180,57,2248
1181,57,3544
1182,57,5992
1183,88,45520
1184,26,1184
1185,150,21688
1186,75,9232
1187,75,9232
1188,75,9232
1189,75,9232
1190,75,9232
1191,49,15280
1192,26,1192
1193,101,39364
1194,26,1792
1195,119,9232
1196,119,9232
1197,119,9232
1198,119,9232
1199,70,12148
1200,18,1200
1201,57,4372
1202,57,4372
1203,57,5416
1204,18,1204
1205,18,3616
1206,70,5812
1207,70,8152
1208,18,1208
1209,57,13120
1210,18,1816
1211,70,39364
1212,44,3076
1213,44,3640
1214,44,9232
1215,163,27700
1216,26,1216
1217,132,9232
1218,132,9232
1219,132,9232
1220,39,1220
1221,39,3664
1222,39,2752
1223,132,9232
1224,39,1224
1225,132,9232
1226,39,1840
1227,132,9232
1228,39,1384
1229,39,3688
1230,70,10528
1231,70,12472
1232,26,1232
1233,132,9232
1234,132,9232
1235,132,9232
1236,26,1236
1237,26,3712
1238,132,9232
1239,132,9232
1240,88,9232
1241,39,4192
1242,88,9232
1243,70,9448
1244,88,9232
1245,88,9232
1246,132,9232
1247,132,18952
1248,39,1248
1249,176,250504
1250,26,1876
1251,26,5632
1252,132,9232
1253,132,9232
1254,132,9232
1255,88,14308
1256,39,1256
1257,39,9556
1258,39,1888
1259,83,8080
1260,39,1600
1261,39,3784
1262,39,4264
1263,176,138400
1264,39,1264
1265,39,3796
1266,31,3616
1267,31,5704
1268,39,1268
1269,39,3808
1270,31,3220
1271,31,8584
1272,57,9232
1273,31,4840
1274,57,9232
1275,83,39364
1276,57,9232
1277,57,9232
1278,132,41524
1279,132,65608
1280,13,1280
1281,52,3844
1282,52,2752
1283,52,5776
1284,26,1284
1285,26,3856
1286,26,2896
1287,145,9232
1288,101,9232
1289,145,9232
1290,101,9232
1291,52,5812
1292,101,9232
1293,101,9232
1294,39,4372
1295,39,13120
1296,26,1296
1297,101,9232
1298,145,9232
1299,145,9232
1300,26,1300
1301,26,3904
1302,101,9232
1303,101,9232
1304,26,1304
1305,52,4408
1306,26,1960
1307,176,190996
1308,145,9232
1309,145,9232
1310,145,9232
1311,101,19924
1312,114,9232
1313,26,3940
1314,52,1972
1315,52,5920
1316,52,1672
1317,52,3952
1318,52,2968
1319,145,10024
1320,114,9232
1321,101,15064
1322,114,9232
1323,52,5956
1324,26,1492
1325,26,3976
1326,26,4480
1327,52,13444
1328,114,9232
1329,52,3988
1330,52,2248
1331,52,5992
1332,114,9232
1333,114,9232
1334,145,21688
1335,145,21688
1336,70,9232
1337,44,8584
1338,70,9232
1339,26,6784
1340,70,9232
1341,70,9232
1342,96,39364
1343,96,39364
1344,13,1344
1345,114,9232
1346,65,2752
1347,65,6064
1348,114,9232
1349,114,9232
1350,114,9232
1351,158,17332
1352,52,4372
1353,39,6856
1354,52,4372
1355,114,9232
1356,52,4372
1357,52,4372
1358,65,5812
1359,65,13768
1360,13,1360
1361,52,13120
1362,65,39364
1363,65,39364
1364,13,1364
1365,13,4096
1366,39,3076
1367,39,9232
1368,127,9232
1369,39,4624
1370,127,9232
1371,114,10420
1372,127,9232
1373,127,9232
1374,39,6964
1375,39,20896
1376,34,1376
1377,158,9232
1378,127,9232
1379,127,9232
1380,127,9232
1381,127,9232
1382,127,9232
1383,96,95956
1384,34,1384
1385,65,10528
1386,34,2080
1387,65,6244
1388,127,9232
1389,127,9232
1390,127,9232
1391,114,15856
1392,34,1392
1393,34,4180
1394,127,9232
1395,127,9232
1396,34,1396
1397,34,4192
1398,65,3544
1399,65,9448
1400,83,9232
1401,96,45520
1402,83,9232
1403,127,9232
1404,83,9232
1405,83,9232
1406,171,250504
1407,171,250504
1408,21,1408
1409,83,9232
1410,34,2116
1411,34,6352
1412,127,9232
1413,127,9232
1414,127,9232
1415,34,9556
1416,34,1416
1417,78,8080
1418,34,2128
1419,127,9232
1420,34,1600
1421,34,4264
1422,65,4804
1423,65,14416
1424,34,1424
1425,26,4276
1426,26,3616
1427,26,6424
1428,34,1428
1429,34,4288
1430,26,3220
1431,26,9664
1432,34,1432
1433,26,4840
1434,34,2152
1435,78,39364
1436,52,9232
1437,52,9232
1438,52,9232
1439,127,41524
1440,21,1440
1441,140,9232
1442,47,2164
1443,47,6496
1444,47,2752
1445,47,4336
1446,47,3256
1447,52,10996
1448,21,1448
1449,140,24784
1450,21,2176
1451,140,9232
1452,47,1636
1453,47,4360
1454,47,4912
1455,140,14740
1456,96,9232
1457,34,4372
1458,34,2464
1459,34,6568
1460,96,9232
1461,96,9232
1462,140,9232
1463,140,9880
1464,96,9232
1465,34,4948
1466,96,9232
1467,140,9232
1468,47,4192
1469,47,4408
1470,47,11176
1471,171,190996
1472,21,1472
1473,96,9232
1474,140,9232
1475,140,9232
1476,21,1476
1477,21,4432
1478,21,3328
1479,96,9988
1480,47,1480
1481,34,7504
1482,47,2224
1483,140,9232
1484,47,1672
1485,47,4456
1486,96,14308
1487,96,15064
1488,21,1488
1489,47,4468
1490,91,8080
1491,91,8080
1492,21,1492
1493,21,4480
1494,47,4264
1495,47,10096
1496,47,1496
1497,47,5056
1498,47,2248
1499,47,11392
1500,47,2536
1501,47,4504
1502,140,21688
1503,140,22840
1504,109,9232
1505,39,8584
1506,21,2260
1507,21,6784
1508,65,9232
1509,65,9232
1510,65,9232
1511,91,39364
1512,109,9232
1513,65,14560
1514,109,9232
1515,140,65608
1516,60,2752
1517,60,4552
1518,60,5128
1519,153,25972
1520,109,9232
1521,109,9232
1522,34,2896
1523,34,6856
1524,109,9232
1525,109,9232
1526,153,9232
1527,153,10312
1528,47,4372
1529,60,5812
1530,47,4372
1531,60,8728
1532,47,13120
1533,47,13120
1534,60,39364
1535,60,118096
1536,16,1536
1537,153,9232
1538,34,2308
1539,34,6928
1540,34,1540
1541,34,4624
1542,34,3472
1543,109,10420
1544,122,9232
1545,60,7828
1546,122,9232
1547,34,6964
1548,122,9232
1549,122,9232
1550,153,9232
1551,153,15712
1552,122,9232
1553,122,9232
1554,34,3940
1555,34,7000
1556,122,9232
1557,122,9232
1558,60,3508
1559,60,10528
1560,122,9232
1561,60,5272
1562,122,9232
1563,153,26728
1564,122,9232
1565,122,9232
1566,122,9232
1567,60,23812
1568,29,1568
1569,34,4708
1570,122,9232
1571,122,9232
1572,60,2248
1573,60,4720
1574,60,3544
1575,60,11968
1576,29,1576
1577,91,45520
1578,29,2368
1579,122,9232
1580,78,9232
1581,78,9232
1582,78,9232
1583,166,250504
1584,29,1584
1585,78,9232
1586,78,9232
1587,78,9232
1588,29,1588
1589,29,4768
1590,104,39364
1591,104,39364
1592,122,9232
1593,122,9232
1594,122,9232
1595,73,8080
1596,122,9232
1597,122,9232
1598,73,12148
1599,73,36448
1600,29,1600
1601,60,4804
1602,60,4372
1603,60,7216
1604,21,1604
1605,21,4816
1606,21,3616
1607,166,10852
1608,21,1608
1609,73,8152
1610,21,2416
1611,21,7252
1612,21,1816
1613,21,4840
1614,73,39364
1615,73,39364
1616,29,1616
1617,47,4852
1618,47,9232
1619,47,9232
1620,29,1620
1621,29,4864
1622,135,9232
1623,135,10960
1624,42,1624
1625,135,9232
1626,42,2440
1627,73,13912
1628,42,2752
1629,42,4888
1630,135,9232
1631,135,24784
1632,29,1632
1633,135,9232
1634,42,2452
1635,42,7360
1636,42,1636
1637,42,4912
1638,42,3688
1639,104,95956
1640,29,1640
1641,73,12472
1642,29,2464
1643,73,7396
1644,135,9232
1645,135,9232
1646,135,9232
1647,135,18772
1648,91,9232
1649,29,4948
1650,135,9232
1651,135,9232
1652,91,9232
1653,91,9232
1654,42,4192
1655,42,11176
1656,91,9232
1657,73,9448
1658,91,9232
1659,42,8404
1660,135,9232
1661,135,9232
1662,135,18952
1663,73,95956
1664,16,1664
1665,179,250504
1666,29,2500
1667,29,7504
1668,135,9232
1669,135,9232
1670,135,9232
1671,42,11284
1672,42,1672
1673,91,14308
1674,42,2512
1675,135,9232
1676,42,1888
1677,42,5032
1678,86,8080
1679,86,17008
1680,42,1680
1681,42,5044
1682,42,4264
1683,42,7576
1684,42,1684
1685,42,5056
1686,42,3796
1687,42,11392
1688,42,1688
1689,34,5704
1690,42,2536
1691,135,21688
1692,34,3220
1693,34,5080
1694,34,8584
1695,179,48904
1696,16,1696
1697,34,5092
1698,60,9232
1699,60,9232
1700,60,9232
1701,60,9232
1702,60,9232
1703,60,14560
1704,16,1704
1705,135,65608
1706,16,2560
1707,148,9232
1708,55,2752
1709,55,5128
1710,55,5776
1711,148,17332
1712,104,9232
1713,29,5140
1714,29,2896
1715,29,7720
1716,104,9232
1717,104,9232
1718,148,9232
1719,148,11608
1720,104,9232
1721,55,5812
1722,104,9232
1723,55,8728
1724,42,4372
1725,42,5176
1726,42,13120
1727,55,39364
1728,117,9232
1729,104,9232
1730,148,9232
1731,148,9232
1732,29,1732
1733,29,5200
1734,29,3904
1735,104,11716
1736,29,1736
1737,104,9232
1738,29,2608
1739,55,7828
1740,29,1960
1741,29,5224
1742,179,190996
1743,179,190996
1744,117,9232
1745,148,9232
1746,148,9232
1747,148,9232
1748,117,9232
1749,117,9232
1750,29,3940
1751,29,11824
1752,55,1752
1753,55,5920
1754,55,2632
1755,42,13336
1756,55,2968
1757,55,5272
1758,148,10024
1759,148,26728
1760,117,9232
1761,104,15064
1762,117,9232
1763,117,9232
1764,29,1764
1765,29,5296
1766,29,3976
1767,148,22660
1768,117,9232
1769,55,13444
1770,117,9232
1771,55,10096
1772,55,2248
1773,55,5320
1774,55,5992
1775,86,45520
1776,73,9232
1777,117,9232
1778,148,21688
1779,148,21688
1780,73,9232
1781,73,9232
1782,47,8584
1783,47,12040
1784,73,9232
1785,29,6784
1786,73,9232
1787,47,15280
1788,99,39364
1789,99,39364
1790,99,39364
1791,99,103336
1792,24,1792
1793,117,9232
1794,68,2752
1795,68,8080
1796,117,9232
1797,117,9232
1798,117,9232
1799,68,12148
1800,55,4372
1801,161,17332
1802,55,4372
1803,42,8116
1804,55,4372
1805,55,5416
1806,117,9232
1807,117,18304
1808,16,1808
1809,55,5428
1810,68,5812
1811,68,8152
1812,16,1812
1813,16,5440
1814,55,13120
1815,55,13120
1816,16,1816
1817,68,39364
1818,16,2728
1819,161,1276936
1820,42,3076
1821,42,5464
1822,42,9232
1823,161,27700
1824,37,1824
1825,42,5476
1826,130,9232
1827,130,9232
1828,130,9232
1829,130,9232
1830,130,9232
1831,68,13912
1832,37,1832
1833,42,20896
1834,37,2752
1835,130,9232
1836,130,9232
1837,130,9232
1838,130,9232
1839,161,18628
1840,37,1840
1841,130,9232
1842,130,9232
1843,130,9232
1844,37,1844
1845,37,5536
1846,68,10528
1847,68,12472
1848,130,9232
1849,68,6244
1850,130,9232
1851,130,9376
1852,130,9232
1853,130,9232
1854,117,15856
1855,117,42280
1856,24,1856
1857,37,5572
1858,130,9232
1859,130,9232
1860,37,1860
1861,37,5584
1862,37,4192
1863,68,15928
1864,86,9232
1865,68,9448
1866,86,9232
1867,37,8404
1868,86,9232
1869,86,9232
1870,130,9232
1871,130,18952
1872,24,1872
1873,86,9232
1874,174,250504
1875,174,250504
1876,24,1876
1877,24,5632
1878,86,9232
1879,86,12688
1880,130,9232
1881,37,6352
1882,130,9232
1883,86,14308
1884,130,9232
1885,130,9232
1886,37,9556
1887,37,28672
1888,37,1888
1889,81,8080
1890,37,2836
1891,37,8512
1892,37,1892
1893,37,5680
1894,37,4264
1895,174,138400
1896,37,1896
1897,68,14416
1898,37,2848
1899,68,8548
1900,29,3616
1901,29,5704
1902,29,6424
1903,130,21688
1904,37,1904
1905,37,5716
1906,29,3220
1907,29,8584
1908,37,1908
1909,37,5728
1910,29,4840
1911,29,12904
1912,55,9232
1913,81,39364
1914,55,9232
1915,174,1276936
1916,55,9232
1917,55,9232
1918,130,41524
1919,130,65608
1920,24,1920
1921,143,9232
1922,50,2884
1923,50,8656
1924,50,2752
1925,50,5776
1926,50,4336
1927,50,13012
1928,24,1928
1929,55,10996
1930,24,2896
1931,143,9232
1932,24,2176
1933,24,5800
1934,143,9232
1935,143,19600
1936,99,9232
1937,50,5812
1938,50,4912
1939,50,8728
1940,99,9232
1941,99,9232
1942,37,4372
1943,37,13120
1944,99,9232
1945,37,6568
1946,99,9232
1947,81,22192
1948,143,9232
1949,143,9232
1950,143,9880
1951,174,33352
1952,24,1952
1953,37,5860
1954,99,9232
1955,99,9232
1956,50,4192
1957,50,5872
1958,50,4408
1959,81,80512
1960,24,1960
1961,174,190996
1962,24,2944
1963,81,9448
1964,143,9232
1965,143,9232
1966,143,9232
1967,99,19924
1968,50,1968
1969,24,5908
1970,24,3328
1971,24,8872
1972,50,1972
1973,50,5920
1974,37,7504
1975,37,13336
1976,50,1976
1977,143,9232
1978,50,2968
1979,143,10024
1980,99,14308
1981,99,14308
1982,99,15064
1983,50,50848
1984,112,9232
1985,50,5956
1986,94,8080
1987,94,8944
1988,24,1988
1989,24,5968
1990,24,4480
1991,50,13444
1992,50,1992
1993,50,10096
1994,50,2992
1995,50,8980
1996,50,2248
1997,50,5992
1998,50,11392
1999,50,20248
2000,112,9232
2001,50,6004
2002,143,21688
2003,143,21688
2004,112,9232
2005,112,9232
2006,42,8584
2007,42,13552
2008,68,9232
2009,24,6784
2010,68,9232
2011,42,15280
2012,68,9232
2013,68,9232
2014,94,39364
2015,94,39364
2016,112,9232
2017,68,14560
2018,112,9232
2019,112,9232
2020,63,2752
2021,63,6064
2022,63,4552
2023,156,23056
2024,112,9232
2025,156,25972
2026,112,9232
2027,156,17332
2028,37,2896
2029,37,6088
2030,37,6856
2031,63,34720
2032,50,4372
2033,112,9232
2034,156,9232
2035,156,9232
2036,50,4372
2037,50,6112
2038,63,5812
2039,63,13768
2040,50,13120
2041,63,8728
2042,50,13120
2043,156,44224
2044,63,39364
2045,63,39364
2046,63,118096
2047,156,1276936
2048,11,2048
2049,156,9232
2050,37,3076
2051,37,9232
2052,37,2052
2053,37,6160
2054,37,4624
2055,37,13876
2056,125,9232
2057,112,10420
2058,125,9232
2059,37,9268
2060,125,9232
2061,125,9232
2062,37,6964
2063,37,20896
2064,125,9232
2065,125,9232
2066,156,9232
2067,156,9304
2068,125,9232
2069,125,9232
2070,125,9232
2071,125,13984
2072,125,9232
2073,37,7000
2074,125,9232
2075,94,95956
2076,63,3508
2077,63,6232
2078,63,10528
2079,50,31588
2080,32,2080
2081,63,6244
2082,125,9232
2083,125,9376
2084,125,9232
2085,125,9232
2086,125,9232
2087,112,15856
2088,32,2088
2089,63,23812
2090,32,3136
2091,37,9412
2092,125,9232
2093,125,9232
2094,125,9232
2095,107,21220
2096,32,2096
2097,63,6292
2098,63,3544
2099,63,9448
2100,32,2100
2101,32,6304
2102,94,45520
2103,94,45520
2104,81,9232
2105,125,9232
2106,81,9232
2107,156,21688
2108,81,9232
2109,81,9232
2110,169,250504
2111,169,250504
2112,32,2112
2113,81,9232
2114,81,9232
2115,81,9520
2116,32,2116
2117,32,6352
2118,32,4768
2119,81,14308
2120,125,9232
2121,107,39364
2122,125,9232
2123,32,9556
2124,125,9232
2125,125,9232
2126,76,8080
2127,76,21544
2128,32,2128
2129,125,9232
2130,76,12148
2131,76,12148
2132,32,2132
2133,32,6400
2134,63,4804
2135,63,14416
2136,24,2136
2137,63,7216
2138,24,3208
2139,76,61720
2140,24,3616
2141,24,6424
2142,169,10852
2143,169,32560
2144,32,2144
2145,76,8152
2146,24,3220
2147,24,9664
2148,24,2148
2149,24,6448
2150,24,4840
2151,107,176740
2152,32,2152
2153,76,39364
2154,32,3232
2155,169,1276936
2156,50,9232
2157,50,9232
2158,50,9232
2159,125,41524
2160,45,2160
2161,32,6484
2162,138,9232
2163,138,9736
2164,45,2164
2165,45,6496
2166,138,9232
2167,138,14632
2168,45,2752
2169,76,13912
2170,45,3256
2171,50,10996
2172,138,9232
2173,138,9232
2174,138,24784
2175,76,74356
2176,19,2176
2177,138,9232
2178,45,3268
2179,45,9808
2180,45,2180
2181,45,6544
2182,45,4912
2183,138,14740
2184,32,2184
2185,107,95956
2186,32,3280
2187,76,10528
2188,32,2464
2189,32,6568
2190,76,7396
2191,76,22192
2192,94,9232
2193,138,9232
2194,138,9232
2195,138,9880
2196,94,9232
2197,94,9232
2198,32,4948
2199,32,14848
2200,94,9232
2201,138,9232
2202,94,9232
2203,50,25108
2204,45,4192
2205,45,6616
2206,45,11176
2207,169,190996
2208,19,2208
2209,76,9448
2210,94,9232
2211,94,9952
2212,138,9232
2213,138,9232
2214,138,9232
2215,120,345544
2216,19,2216
2217,76,95956
2218,19,3328
2219,94,9988
2220,32,2500
2221,32,6664
2222,32,7504
2223,182,250504
2224,45,2224
2225,138,9232
2226,138,9232
2227,138,10024
2228,45,2228
2229,45,6688
2230,94,14308
2231,94,15064
2232,45,2232
2233,138,9232
2234,45,3352
2235,45,11320
2236,89,8080
2237,89,8080
2238,89,17008
2239,138,51028
2240,19,2240
2241,45,6724
2242,45,4264
2243,45,10096
2244,45,2244
2245,45,6736
2246,45,5056
2247,76,15172
2248,45,2248
2249,45,11392
2250,45,3376
2251,37,10132
2252,45,2536
2253,45,6760
2254,138,21688
2255,138,22840
2256,19,2256
2257,37,6772
2258,37,8584
2259,37,10168
2260,19,2260
2261,19,6784
2262,37,5092
2263,37,15280
2264,63,9232
2265,63,9232
2266,63,9232
2267,89,39364
2268,63,9232
2269,63,9232
2270,63,14560
2271,63,34504
2272,107,9232
2273,138,65608
2274,19,3412
2275,19,10240
2276,58,2752
2277,58,6832
2278,58,5128
2279,151,25972
2280,107,9232
2281,151,17332
2282,107,9232
2283,58,13012
2284,32,2896
2285,32,6856
2286,32,7720
2287,120,250504
2288,107,9232
2289,107,9232
2290,151,9232
2291,151,10312
2292,107,9232
2293,107,9232
2294,58,5812
2295,58,15496
2296,45,4372
2297,58,8728
2298,45,4372
2299,151,44224
2300,45,13120
2301,45,13120
2302,58,39364
2303,58,118096
2304,27,2304
2305,107,9232
2306,151,9232
2307,151,10384
2308,32,2308
2309,32,6928
2310,32,5200
2311,151,15604
2312,32,2312
2313,107,11716
2314,32,3472
2315,107,10420
2316,32,2608
2317,32,6952
2318,58,7828
2319,58,23488
2320,120,9232
2321,32,6964
2322,182,190996
2323,182,190996
2324,120,9232
2325,120,9232
2326,151,9232
2327,151,15712
2328,120,9232
2329,151,9232
2330,120,9232
2331,107,59776
2332,32,3940
2333,32,7000
2334,32,11824
2335,89,95956
2336,120,9232
2337,58,7012
2338,58,3508
2339,58,10528
2340,58,2968
2341,58,7024
2342,58,5272
2343,151,17800
2344,120,9232
2345,151,26728
2346,120,9232
2347,107,14308
2348,120,9232
2349,120,9232
2350,120,9232
2351,58,23812
2352,120,9232
2353,32,7060
2354,32,3976
2355,32,10600
2356,120,9232
2357,120,9232
2358,58,13444
2359,58,15928
2360,58,2360
2361,58,10096
2362,58,3544
2363,58,11968
2364,58,5992
2365,58,7096
2366,89,45520
2367,89,53944
2368,27,2368
2369,120,9232
2370,151,21688
2371,151,21688
2372,76,9232
2373,76,9232
2374,76,9232
2375,164,250504
2376,76,9232
2377,50,12040
2378,76,9232
2379,76,10708
2380,76,9232
2381,76,9232
2382,50,15280
2383,50,24136
2384,27,2384
2385,102,39364
2386,102,39364
2387,102,39364
2388,27,2388
2389,27,7168
2390,120,9232
2391,120,16144
2392,120,9232
2393,71,8080
2394,120,9232
2395,32,18196
2396,120,9232
2397,120,9232
2398,71,12148
2399,71,36448
2400,19,2400
2401,164,17332
2402,58,4372
2403,58,10816
2404,58,4372
2405,58,7216
2406,58,5416
2407,71,61720
2408,19,2408
2409,120,18304
2410,19,3616
2411,164,10852
2412,71,5812
2413,71,7240
2414,71,8152
2415,120,27520
2416,19,2416
2417,19,7252
2418,58,13120
2419,58,13120
2420,19,2420
2421,19,7264
2422,71,39364
2423,71,39364
2424,45,3076
2425,164,1276936
2426,45,3640
2427,120,12292
2428,45,9232
2429,45,9232
2430,164,27700
2431,164,83104
2432,27,2432
2433,45,7300
2434,133,9232
2435,133,10960
2436,133,9232
2437,133,9232
2438,133,9232
2439,133,16468
2440,40,2440
2441,71,13912
2442,40,3664
2443,45,10996
2444,40,2752
2445,40,7336
2446,133,9232
2447,133,24784
2448,40,2448
2449,133,9232
2450,133,9232
2451,133,11032
2452,40,2452
2453,40,7360
2454,133,9232
2455,133,16576
2456,40,2456
2457,133,9232
2458,40,3688
2459,102,95956
2460,71,10528
2461,71,10528
2462,71,12472
2463,208,250504
2464,27,2464
2465,71,7396
2466,133,9232
2467,133,11104
2468,133,9232
2469,133,9232
2470,133,9232
2471,133,18772
2472,27,2472
2473,120,42280
2474,27,3712
2475,71,23812
2476,133,9232
2477,133,9232
2478,133,9232
2479,45,25108
2480,89,9232
2481,40,7444
2482,40,4192
2483,40,11176
2484,89,9232
2485,89,9232
2486,71,9448
2487,71,16792
2488,89,9232
2489,40,8404
2490,89,9232
2491,102,45520
2492,133,9232
2493,133,9232
2494,133,18952
2495,71,95956
2496,40,2496
2497,89,9232
2498,177,250504
2499,177,250504
2500,27,2500
2501,27,7504
2502,27,5632
2503,63,16900
2504,133,9232
2505,89,12688
2506,133,9232
2507,40,11284
2508,133,9232
2509,133,9232
2510,89,14308
2511,89,25432
2512,40,2512
2513,133,9232
2514,40,9556
2515,40,11320
2516,40,2516
2517,40,7552
2518,84,8080
2519,84,17008
2520,40,2520
2521,40,8512
2522,40,3784
2523,133,19168
2524,40,4264
2525,40,7576
2526,177,138400
2527,177,138400
2528,40,2528
2529,71,14416
2530,40,3796
2531,40,11392
2532,32,3616
2533,32,7600
2534,32,5704
2535,84,61720
2536,40,2536
2537,133,21688
2538,40,3808
2539,177,32560
2540,32,3220
2541,32,7624
2542,32,8584
2543,177,48904
2544,58,9232
2545,40,7636
2546,32,4840
2547,32,11464
2548,58,9232
2549,58,9232
2550,84,39364
2551,84,39364
2552,58,9232
2553,177,1276936
2554,58,9232
2555,58,14560
2556,133,41524
2557,133,41524
2558,133,65608
2559,115,897856
2560,14,2560
2561,146,9232
2562,53,3844
2563,53,11536
2564,53,2752
2565,53,7696
2566,53,5776
2567,146,17332
2568,27,2568
2569,53,13012
2570,27,3856
2571,53,11572
2572,27,2896
2573,27,7720
2574,146,9232
2575,146,26080
2576,102,9232
2577,27,7732
2578,146,9232
2579,146,11608
2580,102,9232
2581,102,9232
2582,53,5812
2583,53,17440
2584,102,9232
2585,53,8728
2586,102,9232
2587,146,44224
2588,40,4372
2589,40,7768
2590,40,13120
2591,53,39364
2592,27,2592
2593,40,7780
2594,102,9232
2595,102,11680
2596,146,9232
2597,146,9232
2598,146,9232
2599,146,19744
2600,27,2600
2601,177,33352
2602,27,3904
2603,102,11716
2604,102,9232
2605,102,9232
2606,102,9232
2607,84,33424
2608,27,2608
2609,53,7828
2610,53,4408
2611,53,11752
2612,27,2612
2613,27,7840
2614,177,190996
2615,177,190996
2616,146,9232
2617,84,9448
2618,146,9232
2619,102,13264
2620,146,9232
2621,146,9232
2622,102,19924
2623,102,59776
2624,115,9232
2625,27,7876
2626,27,3940
2627,27,11824
2628,53,2628
2629,53,7888
2630,53,5920
2631,190,250504
2632,53,2632
2633,40,13336
2634,53,3952
2635,53,11860
2636,53,2968
2637,53,7912
2638,146,10024
2639,146,26728
2640,115,9232
2641,102,14308
2642,102,15064
2643,102,15064
2644,115,9232
2645,115,9232
2646,53,5956
2647,53,17872
2648,27,2648
2649,97,8944
2650,27,3976
2651,146,22660
2652,27,4480
2653,27,7960
2654,53,13444
2655,53,40336
2656,115,9232
2657,53,10096
2658,53,3988
2659,53,11968
2660,53,2660
2661,53,7984
2662,53,5992
2663,84,45520
2664,115,9232
2665,53,20248
2666,115,9232
2667,45,12004
2668,146,21688
2669,146,21688
2670,146,21688
2671,45,30436
2672,71,9232
2673,115,9232
2674,45,8584
2675,45,12040
2676,71,9232
2677,71,9232
2678,27,6784
2679,27,18088
2680,71,9232
2681,45,15280
2682,71,9232
2683,71,13588
2684,97,39364
2685,97,39364
2686,97,39364
2687,97,103336
2688,14,2688
2689,71,14560
2690,115,9232
2691,115,12112
2692,66,2752
2693,66,8080
2694,66,6064
2695,27,18196
2696,115,9232
2697,159,23056
2698,115,9232
2699,66,12148
2700,115,9232
2701,115,9232
2702,159,17332
2703,159,27376
2704,53,4372
2705,40,8116
2706,40,6856
2707,40,12184
2708,53,4372
2709,53,8128
2710,115,9232
2711,115,18304
2712,53,4372
2713,159,9232
2714,53,4372
2715,97,223072
2716,66,5812
2717,66,8152
2718,66,13768
2719,66,69712
2720,14,2720
2721,66,8728
2722,53,13120
2723,53,13120
2724,66,39364
2725,66,39364
2726,66,39364
2727,128,95956
2728,14,2728
2729,159,1276936
2730,14,4096
2731,115,12292
2732,40,3076
2733,40,8200
2734,40,9232
2735,159,27700
2736,128,9232
2737,40,8212
2738,40,4624
2739,40,12328
2740,128,9232
2741,128,9232
2742,115,10420
2743,115,18520
2744,128,9232
2745,40,9268
2746,128,9232
2747,66,13912
2748,40,6964
2749,40,8248
2750,40,20896
2751,172,225988
2752,35,2752
2753,128,9232
2754,159,9232
2755,159,12400
2756,128,9232
2757,128,9232
2758,128,9232
2759,159,18628
2760,128,9232
2761,128,13984
2762,128,9232
2763,40,12436
2764,128,9232
2765,128,9232
2766,97,95956
2767,97,95956
2768,35,2768
2769,66,8308
2770,66,10528
2771,66,12472
2772,35,2772
2773,35,8320
2774,66,6244
2775,66,18736
2776,128,9232
2777,128,9376
2778,128,9232
2779,159,26728
2780,128,9232
2781,128,9232
2782,115,15856
2783,115,42280
2784,35,2784
2785,66,23812
2786,35,4180
2787,35,12544
2788,128,9232
2789,128,9232
2790,128,9232
2791,66,80512
2792,35,2792
2793,110,21220
2794,35,4192
2795,66,15928
2796,66,3544
2797,66,8392
2798,66,9448
2799,66,71764
2800,84,9232
2801,35,8404
2802,97,45520
2803,97,45520
2804,84,9232
2805,84,9232
2806,128,9232
2807,128,18952
2808,84,9232
2809,159,21688
2810,84,9232
2811,58,40552
2812,172,250504
2813,172,250504
2814,172,250504
2815,159,144340
2816,22,2816
2817,84,9232
2818,84,9232
2819,84,12688
2820,35,2820
2821,35,8464
2822,35,6352
2823,58,19060
2824,128,9232
2825,84,14308
2826,128,9232
2827,110,39364
2828,128,9232
2829,128,9232
2830,35,9556
2831,35,28672
2832,35,2832
2833,128,9232
2834,79,8080
2835,79,12760
2836,35,2836
2837,35,8512
2838,128,9232
2839,128,19168
2840,35,2840
2841,79,12148
2842,35,4264
2843,172,138400
2844,66,4804
2845,66,8536
2846,66,14416
2847,172,43252
2848,35,2848
2849,66,8548
2850,27,4276
2851,27,12832
2852,27,3616
2853,27,8560
2854,27,6424
2855,128,21688
2856,35,2856
2857,172,32560
2858,35,4288
2859,79,12868
2860,27,3220
2861,27,8584
2862,27,9664
2863,79,28996
2864,35,2864
2865,27,8596
2866,27,4840
2867,27,12904
2868,35,2868
2869,35,8608
2870,79,39364
2871,79,39364
2872,53,9232
2873,172,1276936
2874,53,9232
2875,53,14560
2876,53,9232
2877,53,9232
2878,128,41524
2879,128,65608
2880,22,2880
2881,35,8644
2882,141,9232
2883,141,12976
2884,48,2884
2885,48,8656
2886,48,6496
2887,128,24676
2888,48,2888
2889,141,14632
2890,48,4336
2891,48,13012
2892,48,3256
2893,48,8680
2894,53,10996
2895,53,29320
2896,22,2896
2897,141,9232
2898,141,24784
2899,141,24784
2900,22,2900
2901,22,8704
2902,141,9232
2903,141,19600
2904,48,2904
2905,48,9808
2906,48,4360
2907,141,22084
2908,48,4912
2909,48,8728
2910,141,14740
2911,141,44224
2912,97,9232
2913,110,95956
2914,35,4372
2915,35,13120
2916,35,2916
2917,35,8752
2918,35,6568
2919,216,250504
2920,97,9232
2921,79,22192
2922,97,9232
2923,141,13156
2924,141,9232
2925,141,9232
2926,141,9880
2927,172,33352
2928,97,9232
2929,97,9232
2930,35,4948
2931,35,13192
2932,97,9232
2933,97,9232
2934,141,9232
2935,141,19816
2936,48,4192
2937,53,25108
2938,48,4408
2939,79,80512
2940,48,11176
2941,48,11176
2942,172,190996
2943,172,190996
2944,22,2944
2945,79,9448
2946,97,9232
2947,97,13264
2948,141,9232
2949,141,9232
2950,141,9232
2951,97,19924
2952,22,2952
2953,123,345544
2954,22,4432
2955,141,18952
2956,22,3328
2957,22,8872
2958,97,9988
2959,97,29968
2960,48,2960
2961,35,8884
2962,35,7504
2963,35,13336
2964,48,2964
2965,48,8896
2966,141,9232
2967,141,20032
2968,48,2968
2969,141,10024
2970,48,4456
2971,48,33856
2972,97,14308
2973,97,14308
2974,97,15064
2975,48,50848
2976,22,2976
2977,141,9232
2978,48,4468
2979,48,13408
2980,92,8080
2981,92,8944
2982,92,8080
2983,141,22660
2984,22,2984
2985,141,51028
2986,22,4480
2987,48,13444
2988,48,4264
2989,48,8968
2990,48,10096
2991,48,30292
2992,48,2992
2993,48,8980
2994,48,5056
2995,48,13480
2996,48,2996
2997,48,8992
2998,48,11392
2999,48,20248
3000,48,3000
3001,40,10132
3002,48,4504
3003,40,15208
3004,141,21688
3005,141,21688
3006,141,22840
3007,154,250504
3008,110,9232
3009,40,9028
3010,40,8584
3011,40,13552
3012,22,3012
3013,22,9040
3014,22,6784
3015,92,28996
3016,66,9232
3017,40,15280
3018,66,9232
3019,66,13588
3020,66,9232
3021,66,9232
3022,92,39364
3023,92,39364
3024,110,9232
3025,66,9232
3026,66,14560
3027,66,14560
3028,110,9232
3029,110,9232
3030,141,65608
3031,141,65608
3032,61,3032
3033,22,10240
3034,61,4552
3035,154,23056
3036,61,5128
3037,61,9112
3038,154,25972
3039,154,46168
3040,110,9232
3041,154,17332
3042,110,9232
3043,110,13696
3044,35,3044
3045,35,9136
3046,35,6856
3047,61,34720
3048,110,9232
3049,123,250504
3050,110,9232
3051,154,26080
3052,154,9232
3053,154,9232
3054,154,10312
3055,92,223072
3056,48,4372
3057,110,9232
3058,61,5812
3059,61,13768
3060,48,4372
3061,48,9184
3062,61,8728
3063,61,20680
3064,48,13120
3065,154,44224
3066,48,13120
3067,61,17476
3068,61,39364
3069,61,39364
3070,61,118096
3071,154,1276936
3072,17,3072
3073,110,9232
3074,154,9232
3075,154,13840
3076,35,3076
3077,35,9232
3078,35,6928
3079,154,20788
3080,35,3080
3081,154,15604
3082,35,4624
3083,35,13876
3084,35,3472
3085,35,9256
3086,110,10420
3087,110,31264
3088,123,9232
3089,35,9268
3090,61,7828
3091,61,13912
3092,123,9232
3093,123,9280
3094,35,6964
3095,35,20896
3096,123,9232
3097,185,190996
3098,123,9232
3099,136,67048
3100,154,9232
3101,154,9304
3102,154,15712
3103,92,59668
3104,123,9232
3105,154,9316
3106,123,9232
3107,123,13984
3108,35,3940
3109,35,9328
3110,35,7000
3111,35,23632
3112,123,9232
3113,92,95956
3114,123,9232
3115,61,14020
3116,61,3508
3117,61,9352
3118,61,10528
3119,48,31588
3120,123,9232
3121,61,9364
3122,61,5272
3123,61,14056
3124,123,9232
3125,123,9376
3126,154,26728
3127,154,26728
3128,123,9232
3129,110,14308
3130,123,9232
3131,110,15856
3132,123,9232
3133,123,9400
3134,61,23812
3135,61,71440
3136,30,3136
3137,35,9412
3138,35,4708
3139,35,14128
3140,123,9232
3141,123,9424
3142,123,9232
3143,105,21220
3144,61,3144
3145,61,15928
3146,61,4720
3147,123,14164
3148,61,3544
3149,61,9448
3150,61,11968
3151,61,31912
3152,30,3152
3153,61,9460
3154,92,45520
3155,92,45520
3156,30,3156
3157,30,9472
3158,123,9232
3159,123,21328
3160,79,9232
3161,154,21688
3162,79,9232
3163,53,40552
3164,79,9232
3165,79,9496
3166,167,250504
3167,167,250504
3168,30,3168
3169,53,12040
3170,79,9232
3171,79,14272
3172,79,9232
3173,79,9520
3174,79,9232
3175,198,695464
3176,30,3176
3177,53,24136
3178,30,4768
3179,79,14308
3180,105,39364
3181,105,39364
3182,105,39364
3183,61,40804
3184,123,9232
3185,30,9556
3186,123,9232
3187,123,14344
3188,123,9232
3189,123,9568
3190,74,8080
3191,74,21544
3192,123,9232
3193,35,18196
3194,123,9232
3195,74,16180
3196,74,12148
3197,74,12148
3198,74,36448
3199,167,138400
3200,30,3200
3201,167,17332
3202,61,4804
3203,61,14416
3204,61,4372
3205,61,9616
3206,61,7216
3207,48,21652
3208,22,3208
3209,74,61720
3210,22,4816
3211,123,14452
3212,22,3616
3213,22,9640
3214,167,10852
3215,167,32560
3216,22,3216
3217,74,9652
3218,74,8152
3219,74,14488
3220,22,3220
3221,22,9664
3222,22,7252
3223,22,21760
3224,22,3224
3225,61,13120
3226,22,4840
3227,105,176740
3228,74,39364
3229,74,39364
3230,74,39364
3231,167,209680
3232,30,3232
3233,167,1276936
3234,48,4852
3235,48,14560
3236,48,9232
3237,48,9712
3238,48,9232
3239,123,41524
3240,30,3240
3241,167,83104
3242,30,4864
3243,48,14596
3244,136,9232
3245,136,9736
3246,136,10960
3247,48,32884
3248,43,3248
3249,136,9748
3250,136,9232
3251,136,14632
3252,43,3252
3253,43,9760
3254,74,13912
3255,74,21976
3256,43,3256
3257,48,10996
3258,43,4888
3259,48,20896
3260,136,9232
3261,136,9784
3262,136,24784
3263,74,74356
3264,30,3264
3265,136,9796
3266,136,9232
3267,136,14704
3268,43,3268
3269,43,9808
3270,43,7360
3271,136,22084
3272,43,3272
3273,136,16576
3274,43,4912
3275,136,14740
3276,43,3688
3277,43,9832
3278,105,95956
3279,105,95956
3280,30,3280
3281,74,10528
3282,74,12472
3283,74,14776
3284,30,3284
3285,30,9856
3286,74,7396
3287,74,22192
3288,136,9232
3289,136,11104
3290,136,9232
3291,136,25000
3292,136,9232
3293,136,9880
3294,136,18772
3295,136,50056
3296,92,9232
3297,123,42280
3298,30,4948
3299,30,14848
3300,136,9232
3301,136,9904
3302,136,9232
3303,74,37636
3304,92,9232
3305,48,25108
3306,92,9232
3307,74,80512
3308,43,4192
3309,43,9928
3310,43,11176
3311,167,190996
3312,92,9232
3313,92,9940
3314,74,9448
3315,74,14920
3316,92,9232
3317,92,9952
3318,43,8404
3319,43,22408
3320,136,9232
3321,105,45520
3322,136,9232
3323,118,345544
3324,136,18952
3325,136,18952
3326,74,95956
3327,74,170584
3328,17,3328
3329,92,9988
3330,180,250504
3331,180,250504
3332,30,3332
3333,30,10000
3334,30,7504
3335,180,250504
3336,136,9232
3337,66,16900
3338,136,9232
3339,92,15028
3340,136,9232
3341,136,10024
3342,43,11284
3343,43,33856
3344,43,3344
3345,136,10036
3346,92,14308
3347,92,15064
3348,43,3348
3349,43,10048
3350,136,9232
3351,136,22624
3352,43,3352
3353,43,11320
3354,43,5032
3355,92,86020
3356,87,8080
3357,87,10072
3358,87,17008
3359,136,51028
3360,43,3360
3361,43,10084
3362,43,5044
3363,43,15136
3364,43,4264
3365,43,10096
3366,43,7576
3367,87,25576
3368,43,3368
3369,180,138400
3370,43,5056
3371,74,15172
3372,43,3796
3373,43,10120
3374,43,11392
3375,136,34180
3376,43,3376
3377,35,10132
3378,35,5704
3379,35,15208
3380,43,3380
3381,43,10144
3382,136,21688
3383,136,22840
3384,35,3384
3385,180,32560
3386,35,5080
3387,43,17152
3388,35,8584
3389,35,10168
3390,180,48904
3391,180,77272
3392,17,3392
3393,43,10180
3394,35,5092
3395,35,15280
3396,61,9232
3397,61,10192
3398,61,9232
3399,118,176740
3400,61,9232
3401,87,39364
3402,61,9232
3403,61,15316
3404,61,9232
3405,61,10216
3406,61,14560
3407,61,34504
3408,17,3408
3409,136,41524
3410,136,65608
3411,136,65608
3412,17,3412
3413,17,10240
3414,149,9232
3415,149,23056
3416,56,3416
3417,56,11536
3418,56,5128
3419,149,25972
3420,56,5776
3421,56,10264
3422,149,17332
3423,149,52000
3424,105,9232
3425,56,13012
3426,30,5140
3427,30,15424
3428,30,3428
3429,30,10288
3430,30,7720
3431,118,250504
3432,105,9232
3433,149,26080
3434,105,9232
3435,149,24784
3436,149,9232
3437,149,10312
3438,149,11608
3439,149,39184
3440,105,9232
3441,105,10324
3442,56,5812
3443,56,15496
3444,105,9232
3445,105,10336
3446,56,8728
3447,56,23272
3448,43,4372
3449,149,44224
3450,43,5176
3451,56,17476
3452,43,13120
3453,43,13120
3454,56,39364
3455,56,118096
3456,118,9232
3457,43,10372
3458,105,9232
3459,105,15568
3460,149,9232
3461,149,10384
3462,149,9232
3463,105,23380
3464,30,3464
3465,149,19744
3466,30,5200
3467,149,15604
3468,30,3904
3469,30,10408
3470,105,11716
3471,105,35152
3472,30,3472
3473,105,10420
3474,105,9232
3475,105,15640
3476,30,3476
3477,30,10432
3478,56,7828
3479,56,23488
3480,30,3480
3481,56,11752
3482,30,5224
3483,87,80512
3484,180,190996
3485,180,190996
3486,180,190996
3487,131,67048
3488,118,9232
3489,87,10468
3490,149,9232
3491,149,15712
3492,149,9232
3493,149,10480
3494,149,9232
3495,56,26548
3496,118,9232
3497,105,59776
3498,118,9232
3499,131,345544
3500,30,3940
3501,30,10504
3502,30,11824
3503,87,95956
3504,56,3504
3505,56,10516
3506,56,5920
3507,56,15784
3508,56,3508
3509,56,10528
3510,43,13336
3511,43,23704
3512,56,3512
3513,56,11860
3514,56,5272
3515,149,17800
3516,149,10024
3517,149,10552
3518,149,26728
3519,79,202984
3520,118,9232
3521,105,14308
3522,105,15064
3523,105,15856
3524,118,9232
3525,118,10576
3526,118,9232
3527,56,23812
3528,30,3528
3529,56,17872
3530,30,5296
3531,100,15892
3532,30,3976
3533,30,10600
3534,149,22660
3535,149,35800
3536,118,9232
3537,30,10612
3538,56,13444
3539,56,15928
3540,118,9232
3541,118,10624
3542,56,10096
3543,56,23920
3544,56,3544
3545,56,11968
3546,56,5320
3547,56,26944
3548,56,5992
3549,56,10648
3550,87,45520
3551,87,53944
3552,74,9232
3553,56,20248
3554,118,9232
3555,118,16000
3556,149,21688
3557,149,21688
3558,149,21688
3559,48,40552
3560,74,9232
3561,48,30436
3562,74,9232
3563,162,250504
3564,48,8584
3565,48,10696
3566,48,12040
3567,193,146500
3568,74,9232
3569,74,10708
3570,30,6784
3571,30,16072
3572,74,9232
3573,74,10720
3574,48,15280
3575,48,24136
3576,100,39364
3577,74,13588
3578,100,39364
3579,74,20392
3580,100,39364
3581,100,39364
3582,100,103336
3583,100,275560
3584,25,3584
3585,74,14560
3586,118,9232
3587,118,16144
3588,69,3588
3589,69,10768
3590,69,8080
3591,149,65608
3592,118,9232
3593,30,18196
3594,118,9232
3595,69,16180
3596,118,9232
3597,118,10792
3598,69,12148
3599,69,36448
3600,56,4372
3601,118,10804
3602,162,17332
3603,162,17332
3604,56,4372
3605,56,10816
3606,43,8116
3607,43,24352
3608,56,4372
3609,43,12184
3610,56,5416
3611,69,61720
3612,118,9232
3613,118,10840
3614,118,18304
3615,69,54916
3616,17,3616
3617,162,10852
3618,56,5428
3619,56,16288
3620,69,5812
3621,69,10864
3622,69,8152
3623,118,27520
3624,17,3624
3625,69,69712
3626,17,5440
3627,56,16324
3628,56,13120
3629,56,13120
3630,56,13120
3631,100,176740
3632,17,3632
3633,69,39364
3634,69,39364
3635,69,39364
3636,17,3636
3637,17,10912
3638,162,1276936
3639,162,1276936
3640,43,3640
3641,118,12292
3642,43,5464
3643,162,18448
3644,43,9232
3645,43,10936
3646,162,27700
3647,162,83104
3648,38,3648
3649,43,10948
3650,43,5476
3651,43,16432
3652,131,9232
3653,131,10960
3654,131,9232
3655,118,24676
3656,131,9232
3657,118,18520
3658,131,9232
3659,131,16468
3660,131,9232
3661,131,10984
3662,69,13912
3663,69,37096
3664,38,3664
3665,43,10996
3666,43,20896
3667,43,20896
3668,38,3668
3669,38,11008
3670,131,9232
3671,131,24784
3672,131,9232
3673,162,12400
3674,131,9232
3675,100,31408
3676,131,9232
3677,131,11032
3678,162,18628
3679,162,55888
3680,38,3680
3681,131,13984
3682,131,9232
3683,131,16576
3684,131,9232
3685,131,11056
3686,131,9232
3687,43,63016
3688,38,3688
3689,100,95956
3690,38,5536
3691,69,16612
3692,69,10528
3693,69,11080
3694,69,12472
3695,206,250504
3696,131,9232
3697,38,11092
3698,69,6244
3699,69,16648
3700,131,9232
3701,131,11104
3702,131,9376
3703,131,25000
3704,131,9232
3705,162,26728
3706,131,9232
3707,131,18772
3708,118,15856
3709,118,15856
3710,118,42280
3711,237,481624
3712,25,3712
3713,69,23812
3714,38,5572
3715,38,16720
3716,131,9232
3717,131,11152
3718,131,9232
3719,43,25108
3720,38,3720
3721,69,80512
3722,38,5584
3723,131,16756
3724,38,4192
3725,38,11176
3726,69,15928
3727,69,37744
3728,87,9232
3729,69,11188
3730,69,9448
3731,69,16792
3732,87,9232
3733,87,11200
3734,38,8404
3735,38,25216
3736,87,9232
3737,100,45520
3738,87,9232
3739,113,345544
3740,131,9232
3741,131,11224
3742,131,18952
3743,69,95956
3744,25,3744
3745,162,21688
3746,87,9232
3747,87,16864
3748,175,250504
3749,175,250504
3750,175,250504
3751,61,32056
3752,25,3752
3753,162,144340
3754,25,5632
3755,61,16900
3756,87,9232
3757,87,11272
3758,87,12688
3759,87,38068
3760,131,9232
3761,38,11284
3762,38,6352
3763,38,16936
3764,131,9232
3765,131,11296
3766,87,14308
3767,87,25432
3768,131,9232
3769,113,39364
3770,131,9232
3771,113,39364
3772,38,9556
3773,38,11320
3774,38,28672
3775,87,86020
3776,38,3776
3777,131,11332
3778,82,8080
3779,82,17008
3780,38,3780
3781,38,11344
3782,38,8512
3783,131,25540
3784,38,3784
3785,131,19168
3786,38,5680
3787,82,17044
3788,38,4264
3789,38,11368
3790,175,138400
3791,175,138400
3792,38,3792
3793,69,11380
3794,69,14416
3795,69,17080
3796,38,3796
3797,38,11392
3798,69,8548
3799,69,25648
3800,30,3800
3801,30,12832
3802,30,5704
3803,82,61720
3804,30,6424
3805,30,11416
3806,131,21688
3807,131,57832
3808,38,3808
3809,175,32560
3810,38,5716
3811,38,17152
3812,30,3812
3813,30,11440
3814,30,8584
3815,175,48904
3816,38,3816
3817,82,28996
3818,38,5728
3819,30,21760
3820,30,4840
3821,30,11464
3822,30,12904
3823,175,98008
3824,56,9232
3825,38,11476
3826,82,39364
3827,82,39364
3828,56,9232
3829,56,11488
3830,175,1276936
3831,175,1276936
3832,56,9232
3833,56,14560
3834,56,9232
3835,131,32776
3836,131,41524
3837,131,41524
3838,131,65608
3839,113,897856
3840,25,3840
3841,38,11524
3842,144,9232
3843,144,17296
3844,51,3844
3845,51,11536
3846,51,8656
3847,144,25972
3848,51,3848
3849,131,24676
3850,51,5776
3851,144,17332
3852,51,4336
3853,51,11560
3854,51,13012
3855,51,39040
3856,25,3856
3857,51,11572
3858,56,10996
3859,56,17368
3860,25,3860
3861,25,11584
3862,144,9232
3863,144,26080
3864,25,3864
3865,144,24784
3866,25,5800
3867,82,223072
3868,144,9232
3869,144,11608
3870,144,19600
3871,113,58804
3872,100,9232
3873,51,11620
3874,51,5812
3875,51,17440
3876,51,4912
3877,51,11632
3878,51,8728
3879,144,29464
3880,100,9232
3881,144,44224
3882,100,9232
3883,51,17476
3884,38,4372
3885,38,11656
3886,38,13120
3887,51,39364
3888,100,9232
3889,38,11668
3890,38,6568
3891,38,17512
3892,100,9232
3893,100,11680
3894,82,22192
3895,82,26296
3896,144,9232
3897,144,13156
3898,144,9232
3899,144,19744
3900,144,9880
3901,144,11704
3902,175,33352
3903,175,88936
3904,25,3904
3905,100,11716
3906,38,5860
3907,38,17584
3908,100,9232
3909,100,11728
3910,100,9232
3911,82,33424
3912,51,4192
3913,144,19816
3914,51,5872
3915,100,17620
3916,51,4408
3917,51,11752
3918,82,80512
3919,82,80512
3920,25,3920
3921,51,11764
3922,175,190996
3923,175,190996
3924,25,3924
3925,25,11776
3926,82,9448
3927,82,26512
3928,144,9232
3929,100,13264
3930,144,9232
3931,82,85048
3932,144,9232
3933,144,11800
3934,100,19924
3935,100,59776
3936,51,3936
3937,126,345544
3938,25,5908
3939,25,17728
3940,25,3940
3941,25,11824
3942,25,8872
3943,175,575728
3944,51,3944
3945,100,29968
3946,51,5920
3947,188,250504
3948,38,7504
3949,38,11848
3950,38,13336
3951,74,45016
3952,51,3952
3953,51,11860
3954,144,9232
3955,144,17800
3956,51,3956
3957,51,11872
3958,144,10024
3959,144,26728
3960,100,14308
3961,51,33856
3962,100,14308
3963,51,20068
3964,100,15064
3965,100,15064
3966,51,50848
3967,51,135592
3968,113,9232
3969,144,11908
3970,51,5956
3971,51,17872
3972,95,8080
3973,95,11920
3974,95,8944
3975,51,26836
3976,25,3976
3977,144,22660
3978,25,5968
3979,95,17908
3980,25,4480
3981,25,11944
3982,51,13444
3983,51,40336
3984,51,3984
3985,51,11956
3986,51,10096
3987,51,17944
3988,51,3988
3989,51,11968
3990,51,8980
3991,51,26944
3992,51,3992
3993,51,13480
3994,51,5992
3995,82,45520
3996,51,11392
3997,51,11992
3998,51,20248
3999,188,129760
4000,113,9232
4001,43,12004
4002,51,6004
4003,51,18016
4004,144,21688
4005,144,21688
4006,144,21688
4007,43,30436
4008,113,9232
4009,157,250504
4010,113,9232
4011,188,32560
4012,43,8584
4013,43,12040
4014,43,13552
4015,43,40660
4016,69,9232
4017,25,12052
4018,25,6784
4019,25,18088
4020,69,9232
4021,69,12064
4022,43,15280
4023,43,27160
4024,69,9232
4025,69,13588
4026,69,9232
4027,69,20392
4028,95,39364
4029,95,39364
4030,95,39364
4031,95,103336
4032,113,9232
4033,69,12100
4034,69,14560
4035,69,18160
4036,113,9232
4037,113,12112
4038,113,9232
4039,144,32776
4040,64,4040
4041,144,65608
4042,64,6064
4043,25,18196
4044,64,4552
4045,64,12136
4046,157,23056
4047,157,40984
4048,113,9232
4049,64,12148
4050,157,25972
4051,157,25972
4052,113,9232
4053,113,12160
4054,157,17332
4055,157,27376
4056,38,4056
4057,113,13696
4058,38,6088
4059,64,30832
4060,38,6856
4061,38,12184
4062,64,34720
4063,64,61720
4064,51,4372
4065,126,250504
4066,113,9232
4067,113,18304
4068,157,9232
4069,157,12208
4070,157,9232
4071,157,46384
4072,51,4372
4073,95,223072
4074,51,6112
4075,157,39184
4076,64,5812
4077,64,12232
4078,64,13768
4079,64,69712
4080,51,13120
4081,51,12244
4082,64,8728
4083,64,18376
4084,51,13120
4085,51,13120
4086,157,44224
4087,157,44224
4088,64,39364
4089,64,17476
4090,64,39364
4091,126,95956
4092,64,118096
4093,64,118096
4094,157,1276936
4095,157,1276936
4096,12,4096
4097,113,12292
4098,157,9232
4099,157,18448
4100,38,4100
4101,38,12304
4102,38,9232
4103,157,27700
4104,38,4104
4105,157,20788
4106,38,6160
4107,38,18484
4108,38,4624
4109,38,12328
4110,38,13876
4111,38,41632
4112,126,9232
4113,38,12340
4114,113,10420
4115,113,18520
4116,126,9232
4117,126,12352
4118,38,9268
4119,38,27808
4120,126,9232
4121,64,13912
4122,126,9232
4123,95,70468
4124,38,6964
4125,38,12376
4126,38,20896
4127,170,225988
4128,126,9232
4129,188,190996
4130,126,9232
4131,126,18592
4132,157,9232
4133,157,12400
4134,157,9304
4135,95,31408
4136,126,9232
4137,95,59668
4138,126,9232
4139,157,18628
4140,126,9232
4141,126,12424
4142,126,13984
4143,64,41956
4144,126,9232
4145,38,12436
4146,38,7000
4147,38,18664
4148,126,9232
4149,126,12448
4150,95,95956
4151,95,95956
4152,64,4152
4153,64,14020
4154,64,6232
4155,64,21040
4156,64,10528
4157,64,12472
4158,51,31588
4159,51,94768
4160,33,4160
4161,64,12484
4162,64,6244
4163,64,18736
4164,126,9232
4165,126,12496
4166,126,9376
4167,113,60100
4168,126,9232
4169,157,26728
4170,126,9232
4171,126,18772
4172,126,9232
4173,126,12520
4174,113,15856
4175,113,42280
4176,33,4176
4177,126,12532
4178,64,23812
4179,64,23812
4180,33,4180
4181,33,12544
4182,38,9412
4183,38,28240
4184,126,9232
4185,38,14128
4186,126,9232
4187,64,80512
4188,126,9232
4189,126,12568
4190,108,21220
4191,108,63664
4192,33,4192
4193,64,15928
4194,64,6292
4195,64,18880
4196,64,4196
4197,64,12592
4198,64,9448
4199,64,71764
4200,33,4200
4201,64,31912
4202,33,6304
4203,64,26944
4204,95,45520
4205,95,45520
4206,95,45520
4207,108,345544
4208,82,9232
4209,33,12628
4210,126,9232
4211,126,18952
4212,82,9232
4213,82,12640
4214,157,21688
4215,157,28456
4216,82,9232
4217,56,40552
4218,82,9232
4219,157,21688
4220,170,250504
4221,170,250504
4222,170,250504
4223,157,144340
4224,33,4224
4225,56,12676
4226,82,9232
4227,82,19024
4228,82,9232
4229,82,12688
4230,82,9520
4231,38,28564
4232,33,4232
4233,201,695464
4234,33,6352
4235,56,19060
4236,33,4768
4237,33,12712
4238,82,14308
4239,82,42928
4240,126,9232
4241,108,39364
4242,108,39364
4243,108,39364
4244,126,9232
4245,126,12736
4246,33,9556
4247,33,28672
4248,126,9232
4249,126,14344
4250,126,9232
4251,82,48436
4252,77,8080
4253,77,12760
4254,77,21544
4255,201,6810136
4256,33,4256
4257,38,18196
4258,126,9232
4259,126,19168
4260,77,12148
4261,77,12784
4262,77,12148
4263,126,599056
4264,33,4264
4265,170,138400
4266,33,6400
4267,126,19204
4268,64,4804
4269,64,12808
4270,64,14416
4271,170,43252
4272,25,4272
4273,64,12820
4274,64,7216
4275,64,19240
4276,25,4276
4277,25,12832
4278,77,61720
4279,77,61720
4280,25,4280
4281,126,14452
4282,25,6424
4283,126,21688
4284,170,10852
4285,170,12856
4286,170,32560
4287,126,97684
4288,33,4288
4289,77,12868
4290,77,8152
4291,77,19312
4292,25,4292
4293,25,12880
4294,25,9664
4295,77,28996
4296,25,4296
4297,25,21760
4298,25,6448
4299,64,19348
4300,25,4840
4301,25,12904
4302,108,176740
4303,108,176740
4304,33,4304
4305,77,39364
4306,77,39364
4307,77,39364
4308,33,4308
4309,33,12928
4310,170,1276936
4311,170,1276936
4312,51,9232
4313,51,14560
4314,51,9232
4315,126,32776
4316,51,9232
4317,51,12952
4318,126,41524
4319,126,65608
4320,46,4320
4321,170,83104
4322,33,6484
4323,33,19456
4324,139,9232
4325,139,12976
4326,139,9736
4327,170,49300
4328,46,4328
4329,51,32884
4330,46,6496
4331,126,24676
4332,139,9232
4333,139,13000
4334,139,14632
4335,64,166696
4336,46,4336
4337,46,13012
4338,77,13912
4339,77,19528
4340,46,4340
4341,46,13024
4342,51,10996
4343,51,29320
4344,139,9232
4345,51,20896
4346,139,9232
4347,183,225988
4348,139,24784
4349,139,24784
4350,77,74356
4351,77,223072
4352,20,4352
4353,139,13060
4354,139,9232
4355,139,19600
4356,46,4356
4357,46,13072
4358,46,9808
4359,170,29428
4360,46,4360
4361,139,22084
4362,46,6544
4363,139,19636
4364,46,4912
4365,46,13096
4366,139,14740
4367,139,44224
4368,33,4368
4369,46,13108
4370,108,95956
4371,108,95956
4372,33,4372
4373,33,13120
4374,77,10528
4375,77,29536
4376,33,4376
4377,77,14776
4378,33,6568
4379,214,250504
4380,77,7396
4381,77,13144
4382,77,22192
4383,77,66580
4384,95,9232
4385,139,13156
4386,139,9232
4387,139,19744
4388,139,9232
4389,139,13168
4390,139,9880
4391,170,33352
4392,95,9232
4393,139,50056
4394,95,9232
4395,126,19780
4396,33,4948
4397,33,13192
4398,33,14848
4399,100,67768
4400,95,9232
4401,139,13204
4402,139,9232
4403,139,19816
4404,95,9232
4405,95,13216
4406,51,25108
4407,51,29752
4408,46,4408
4409,77,80512
4410,46,6616
4411,46,22336
4412,46,11176
4413,46,13240
4414,170,190996
4415,170,190996
4416,20,4416
4417,95,13252
4418,77,9448
4419,77,19888
4420,95,9232
4421,95,13264
4422,95,9952
4423,77,85048
4424,139,9232
4425,46,22408
4426,139,9232
4427,95,19924
4428,139,9232
4429,139,13288
4430,121,345544
4431,121,345544
4432,20,4432
4433,139,18952
4434,77,95956
4435,77,95956
4436,20,4436
4437,20,13312
4438,95,9988
4439,95,29968
4440,33,4440
4441,183,250504
4442,33,6664
4443,95,33748
4444,33,7504
4445,33,13336
4446,183,250504
4447,183,250504
4448,46,4448
4449,69,16900
4450,139,9232
4451,139,20032
4452,139,9232
4453,139,13360
4454,139,10024
4455,95,114208
4456,46,4456
4457,46,33856
4458,46,6688
4459,46,20068
4460,95,14308
4461,95,14308
4462,95,15064
4463,46,50848
4464,46,4464
4465,46,13396
4466,139,9232
4467,139,20104
4468,46,4468
4469,46,13408
4470,46,11320
4471,46,30184
4472,90,8080
4473,95,86020
4474,90,8080
4475,139,22660
4476,90,17008
4477,90,17008
4478,139,51028
4479,139,153088
4480,20,4480
4481,46,13444
4482,46,6724
4483,46,20176
4484,46,4484
4485,46,13456
4486,46,10096
4487,46,30292
4488,46,4488
4489,90,25576
4490,46,6736
4491,183,138400
4492,46,5056
4493,46,13480
4494,77,15172
4495,77,45520
4496,46,4496
4497,46,13492
4498,46,11392
4499,46,20248
4500,46,4500
4501,46,13504
4502,38,10132
4503,38,30400
4504,46,4504
4505,38,15208
4506,46,6760
4507,90,61720
4508,139,21688
4509,139,21688
4510,139,22840
4511,152,250504
4512,20,4512
4513,183,32560
4514,38,6772
4515,38,20320
4516,38,8584
4517,38,13552
4518,38,10168
4519,90,34324
4520,20,4520
4521,183,77272
4522,20,6784
4523,90,28996
4524,38,5092
4525,38,13576
4526,38,15280
4527,38,45844
4528,64,9232
4529,64,13588
4530,64,9232
4531,64,20392
4532,64,9232
4533,64,13600
4534,90,39364
4535,90,39364
4536,64,9232
4537,64,15316
4538,64,9232
4539,183,1276936
4540,64,14560
4541,64,14560
4542,64,34504
4543,183,1276936
4544,108,9232
4545,139,41524
4546,139,65608
4547,139,65608
4548,20,4548
4549,20,13648
4550,20,10240
4551,183,83104
4552,59,4552
4553,152,23056
4554,59,6832
4555,59,20500
4556,59,5128
4557,59,13672
4558,152,25972
4559,152,46168
4560,108,9232
4561,59,13684
4562,152,17332
4563,152,20536
4564,108,9232
4565,108,13696
4566,59,13012
4567,59,30832
4568,33,4568
4569,33,15424
4570,33,6856
4571,59,34720
4572,33,7720
4573,33,13720
4574,121,250504
4575,121,250504
4576,108,9232
4577,152,26080
4578,108,9232
4579,108,20608
4580,152,9232
4581,152,13744
4582,152,10312
4583,90,223072
4584,108,9232
4585,152,39184
4586,108,9232
4587,121,58804
4588,59,5812
4589,59,13768
4590,59,15496
4591,170,8153620
4592,46,4592
4593,108,13780
4594,59,8728
4595,59,20680
4596,46,4596
4597,46,13792
4598,152,44224
4599,152,44224
4600,46,13120
4601,59,17476
4602,46,13120
4603,121,95956
4604,59,39364
4605,59,39364
4606,59,118096
4607,152,1276936
4608,28,4608
4609,46,13828
4610,108,9232
4611,108,20752
4612,152,9232
4613,152,13840
4614,152,10384
4615,90,31156
4616,33,4616
4617,108,23380
4618,33,6928
4619,152,20788
4620,33,5200
4621,33,13864
4622,152,15604
4623,152,46816
4624,33,4624
4625,33,13876
4626,108,11716
4627,108,20824
4628,33,4628
4629,33,13888
4630,108,10420
4631,108,31264
4632,33,4632
4633,108,15640
4634,33,6952
4635,90,79216
4636,59,7828
4637,59,13912
4638,59,23488
4639,90,70468
4640,121,9232
4641,59,13924
4642,33,6964
4643,33,20896
4644,183,190996
4645,183,190996
4646,183,190996
4647,59,35296
4648,121,9232
4649,134,67048
4650,121,9232
4651,33,20932
4652,152,9232
4653,152,13960
4654,152,15712
4655,90,59668
4656,121,9232
4657,152,13972
4658,152,9232
4659,152,20968
4660,121,9232
4661,121,13984
4662,108,59776
4663,108,59776
4664,33,4664
4665,134,345544
4666,33,7000
4667,33,23632
4668,33,11824
4669,33,14008
4670,90,95956
4671,90,106432
4672,121,9232
4673,59,14020
4674,59,7012
4675,59,21040
4676,59,4676
4677,59,14032
4678,59,10528
4679,46,31588
4680,59,4680
4681,46,23704
4682,59,7024
4683,59,21076
4684,59,5272
4685,59,14056
4686,152,17800
4687,152,47464
4688,121,9232
4689,152,14068
4690,152,26728
4691,152,26728
4692,121,9232
4693,121,14080
4694,108,14308
4695,108,31696
4696,121,9232
4697,108,15856
4698,121,9232
4699,82,67768
4700,121,9232
4701,121,14104
4702,59,23812
4703,59,71440
4704,121,9232
4705,59,17872
4706,33,7060
4707,33,21184
4708,33,4708
4709,33,14128
4710,33,10600
4711,59,80512
4712,121,9232
4713,152,35800
4714,121,9232
4715,103,21220
4716,59,13444
4717,59,14152
4718,59,15928
4719,103,53764
4720,59,4720
4721,121,14164
4722,59,10096
4723,59,21256
4724,59,4724
4725,59,14176
4726,59,11968
4727,59,31912
4728,59,5992
4729,59,26944
4730,59,7096
4731,59,23956
4732,90,45520
4733,90,45520
4734,90,53944
4735,152,182068
4736,28,4736
4737,59,20248
4738,121,9232
4739,121,21328
4740,152,21688
4741,152,21688
4742,152,21688
4743,59,32020
4744,77,9232
4745,51,40552
4746,77,9232
4747,152,21688
4748,77,9232
4749,77,14248
4750,165,250504
4751,165,250504
4752,77,9232
4753,51,14260
4754,51,12040
4755,51,21400
4756,77,9232
4757,77,14272
4758,77,10708
4759,77,32128
4760,77,9232
4761,33,16072
4762,77,9232
4763,196,695464
4764,51,15280
4765,51,15280
4766,51,24136
4767,103,122200
4768,28,4768
4769,77,14308
4770,103,39364
4771,103,39364
4772,103,39364
4773,103,39364
4774,103,39364
4775,59,40804
4776,28,4776
4777,103,275560
4778,28,7168
4779,77,21508
4780,121,9232
4781,121,14344
4782,121,16144
4783,77,48436
4784,121,9232
4785,72,14356
4786,72,8080
4787,72,21544
4788,121,9232
4789,121,14368
4790,33,18196
4791,33,32344
4792,121,9232
4793,72,16180
4794,121,9232
4795,165,24280
4796,72,12148
4797,72,14392
4798,72,36448
4799,165,138400
4800,20,4800
4801,121,14404
4802,165,17332
4803,165,21616
4804,59,4804
4805,59,14416
4806,59,10816
4807,121,32452
4808,59,4808
4809,46,24352
4810,59,7216
4811,46,21652
4812,59,5416
4813,59,14440
4814,72,61720
4815,72,61720
4816,20,4816
4817,121,14452
4818,121,18304
4819,121,21688
4820,20,4820
4821,20,14464
4822,165,10852
4823,165,32560
4824,72,5812
4825,59,16288
4826,72,7240
4827,103,223072
4828,72,8152
4829,72,14488
4830,121,27520
4831,121,73384
4832,20,4832
4833,72,69712
4834,20,7252
4835,20,21760
4836,59,13120
4837,59,14512
4838,59,13120
4839,165,93040
4840,20,4840
4841,103,176740
4842,20,7264
4843,165,44224
4844,72,39364
4845,72,39364
4846,72,39364
4847,165,209680
4848,46,4848
4849,20,14548
4850,165,1276936
4851,165,1276936
4852,46,4852
4853,46,14560
4854,121,12292
4855,121,32776
4856,46,9232
4857,165,18448
4858,46,9232
4859,121,41524
4860,165,27700
4861,165,27700
4862,165,83104
4863,90,599056
4864,28,4864
4865,46,14596
4866,46,7300
4867,46,21904
4868,134,9232
4869,134,14608
4870,134,10960
4871,46,32884
4872,134,9232
4873,121,24676
4874,134,9232
4875,121,21940
4876,134,9232
4877,134,14632
4878,134,16468
4879,134,49408
4880,41,4880
4881,134,14644
4882,72,13912
4883,72,21976
4884,41,4884
4885,41,14656
4886,46,10996
4887,46,32992
4888,41,4888
4889,46,20896
4890,41,7336
4891,178,225988
4892,134,9232
4893,134,14680
4894,134,24784
4895,72,74356
4896,41,4896
4897,165,14692
4898,134,9232
4899,134,22048
4900,134,9232
4901,134,14704
4902,134,11032
4903,103,59668
4904,41,4904
4905,165,55888
4906,41,7360
4907,134,22084
4908,134,9232
4909,134,14728
4910,134,16576
4911,121,59776
4912,41,4912
4913,134,14740
4914,134,9232
4915,134,22120
4916,41,4916
4917,41,14752
4918,103,95956
4919,103,95956
4920,72,10528
4921,72,16612
4922,72,10528
4923,72,24928
4924,72,12472
4925,72,14776
4926,209,250504
4927,209,250504
4928,28,4928
4929,41,14788
4930,72,7396
4931,72,22192
4932,134,9232
4933,134,14800
4934,134,11104
4935,196,144340
4936,134,9232
4937,134,25000
4938,134,9232
4939,134,22228
4940,134,9232
4941,134,14824
4942,134,18772
4943,134,50056
4944,28,4944
4945,121,15856
4946,121,42280
4947,121,42280
4948,28,4948
4949,28,14848
4950,72,23812
4951,72,33424
4952,134,9232
4953,41,16720
4954,134,9232
4955,72,37636
4956,134,9232
4957,134,14872
4958,46,25108
4959,46,75328
4960,90,9232
4961,72,80512
4962,41,7444
4963,41,22336
4964,41,4964
4965,41,14896
4966,41,11176
4967,165,190996
4968,90,9232
4969,72,37744
4970,90,9232
4971,72,22372
4972,72,9448
4973,72,14920
4974,72,16792
4975,72,56680
4976,90,9232
4977,90,14932
4978,41,8404
4979,41,22408
4980,90,9232
4981,90,14944
4982,103,45520
4983,103,45520
4984,134,9232
4985,116,345544
4986,134,9232
4987,165,182068
4988,134,18952
4989,134,18952
4990,72,95956
4991,72,170584
4992,41,4992
4993,165,21688
4994,90,9232
4995,90,22480
4996,178,250504
4997,178,250504
4998,178,250504
4999,90,33748
5000,28,5000
